82205.203125
1203.8311767578125
1965.4093017578125
5759.31201171875
1143.314697265625
1318.4237060546875
316.2995300292969
316.26470947265625
596.0800170898438
316.26031494140625
3062.271484375
316.0875244140625
420.8600769042969
315.8283996582031
315.6536560058594
315.4652404785156
315.17791748046875
314.872314453125
395.0552673339844
307.2070617675781
314.1481018066406
313.79656982421875
313.52642822265625
313.269287109375
312.96484375
312.6888732910156
312.35626220703125
356.0877990722656
526.0416870117188
311.60699462890625
311.3342590332031
311.125
1538.6568603515625
310.5437316894531
310.2099914550781
310.01324462890625
309.68646240234375
309.4505920410156
309.2389831542969
308.93389892578125
308.7281799316406
308.5271301269531
308.26177978515625
308.001220703125
307.8092346191406
307.6109924316406
307.4134826660156
307.1478576660156
306.9258117675781
306.7165832519531
306.5318908691406
306.30615234375
313.4707336425781
305.8105773925781
305.5816955566406
1431.4620361328125
305.1687927246094
304.97601318359375
304.81756591796875
304.528076171875
304.3548278808594
304.1395568847656
303.9903869628906
299.9051513671875
303.5909423828125
303.4053039550781
303.2203063964844
303.0332946777344
302.93707275390625
302.6976318359375
304.2295227050781
302.42303466796875
302.2908935546875
302.1990661621094
426.1158447265625
297.4195251464844
297.1059875488281
331.1229553222656
296.82464599609375
296.3482360839844
296.6778564453125
296.1289367675781
296.08746337890625
296.7197570800781
295.4114074707031
295.79400634765625
295.2940368652344
295.5028991699219
295.36285400390625
295.1758117675781
294.8262023925781
294.7590026855469
294.0995788574219
295.136962890625
293.6206359863281
293.82366943359375
297.5904846191406
293.78729248046875
293.572509765625
293.5285949707031
